0.000000 0.000000
0.000000 0.000000
0.000000 0.000000
0.000000 0.000000
0.000000 0.000000
0.000000 -0.000000
0.000000 -0.000000
0.000000 -0.000000
0.000000 0.000000
0.000000 0.000000
0.000000 -0.000000
0.000000 -0.000000
0.000000 -0.000000
0.000000 -0.000000
0.000000 0.000000
0.000000 0.000000
0.000000 0.000000
0.000000 0.000000
0.000000 0.000000
0.000000 0.000000
0.000000 0.000000
0.003670 -0.006791
0.015626 -0.027647
0.031641 -0.054325
0.049533 -0.082942
0.068752 -0.113500
0.089063 -0.145997
0.110709 -0.180435
0.133286 -0.217298
0.156724 -0.255131
0.180865 -0.294905
0.206021 -0.336618
0.231726 -0.379787
0.257827 -0.424411
0.284387 -0.470975
0.311496 -0.519479
0.339078 -0.568468
0.367209 -0.619397
0.395645 -0.671781
0.424165 -0.725136
0.453151 -0.780431
0.482366 -0.836695
0.511901 -0.893930
0.541749 -0.953105
0.571513 -1.013250
0.601597 -1.074365
0.631598 -1.137421
0.661751 -1.201446
0.692148 -1.266927
0.722851 -1.333377
0.754103 -1.400313
0.785667 -1.469674
0.817697 -1.539034
0.850048 -1.609850
0.882940 -1.681636
0.916145 -1.754393
0.949815 -1.827634
0.983883 -1.902330
1.018255 -1.977996
1.053108 -2.054148
1.088419 -2.131269
1.124043 -2.209361
1.159987 -2.288422
1.196313 -2.367969
1.232882 -2.448486
1.269757 -2.530458
1.307182 -2.612430
1.344759 -2.695857
1.382580 -2.779284
1.420706 -2.863681
1.459145 -2.949533
1.497897 -3.035385
1.536802 -3.122208
1.576027 -3.209515
1.615557 -3.297792
1.655247 -3.386555
1.695174 -3.475802
1.735177 -3.566020
1.775570 -3.656722
1.816115 -3.747910
1.856980 -3.840068
1.898074 -3.931741
1.939253 -4.024868
1.980812 -4.118481
2.022532 -4.212579
2.064573 -4.307162
2.106758 -4.402230
2.149180 -4.497783
2.191762 -4.594306
2.234657 -4.691800
2.277705 -4.789293
2.321065 -4.886786
2.364509 -4.985249
2.408343 -5.084683
2.452329 -5.184116
2.496551 -5.284519
2.540926 -5.384923
2.585538 -5.486296
2.630462 -5.588640
2.675539 -5.691469
2.720937 -5.794297
2.766563 -5.898096
2.812266 -6.001895
2.858366 -6.106663
2.904541 -6.211917
2.951106 -6.317656
2.997747 -6.424365
3.044625 -6.531074
3.091892 -6.638753
3.139319 -6.747402
3.187059 -6.856051
3.235028 -6.965186
3.283157 -7.075290
3.331599 -7.185394
3.380269 -7.296954
3.429100 -7.408028
3.478320 -7.520072
3.527777 -7.633087
3.577394 -7.746101
3.627316 -7.860571
3.677474 -7.974555
3.727869 -8.089995
3.778577 -8.205920
3.829438 -8.321845
3.880687 -8.438740
3.932097 -8.555634
3.983743 -8.674469
4.035695 -8.792819
4.087891 -8.911654
4.140315 -9.031459
4.193053 -9.151749
4.246027 -9.273010
4.299230 -9.394755
4.352745 -9.516500
4.406505 -9.639215
4.460410 -9.761931
4.514711 -9.886101
4.569242 -10.010272
4.624016 -10.135897
4.679096 -10.261523
4.734489 -10.387148
4.790118 -10.514714
4.845984 -10.641795
4.902154 -10.769845
4.958562 -10.898381
5.015206 -11.027402
5.072162 -11.157393
5.129279 -11.287384
5.186702 -11.417860
5.244444 -11.549791
5.302416 -11.681722
5.360540 -11.814623
5.419137 -11.948009
5.477971 -12.081881
5.537117 -12.216237
5.596492 -12.351078
5.656265 -12.486890
5.716266 -12.623671
5.776427 -12.760453
5.836977 -12.898204
5.897840 -13.035956
5.958933 -13.174192
6.020269 -13.313884
6.081910 -13.453576
6.143712 -13.594723
6.205826 -13.735385
6.268330 -13.877017
6.331146 -14.020104
6.394192 -14.162706
6.457405 -14.306278
6.521076 -14.450820
6.585067 -14.595362
6.649288 -14.740874
6.713668 -14.886871
6.778514 -15.033839
6.843597 -15.180806
6.908908 -15.328744
6.974540 -15.477166
7.040561 -15.626074
7.106734 -15.776436
7.173305 -15.926799
7.240028 -16.077646
7.307216 -16.228979
7.374641 -16.381282
7.442379 -16.534555
7.510429 -16.687828
7.578716 -16.841586
7.647392 -16.996314
7.716381 -17.151527
7.785607 -17.308195
7.855061 -17.464378
7.924989 -17.621531
7.995145 -17.779654
8.065538 -17.938263
8.136251 -18.096871
8.207346 -18.257420
8.278601 -18.417483
8.350245 -18.578031
8.422202 -18.740520
8.494472 -18.902524
8.566978 -19.065497
8.639874 -19.229441
8.712998 -19.393385
8.786519 -19.558784
8.860277 -19.723698
8.934500 -19.890067
9.008875 -20.056436
9.083648 -20.224260
9.158733 -20.392569
9.234123 -20.561363
9.309834 -20.730157
9.385850 -20.900407
9.462103 -21.071141
9.538592 -21.242360
9.615554 -21.414550
9.692745 -21.586739
9.770173 -21.759414
9.847829 -21.933543
9.925882 -22.107188
10.004172 -22.282288
10.082615 -22.457387
10.161522 -22.633457
10.240667 -22.810012
10.319887 -22.987052
10.399581 -23.164092
10.479511 -23.342102
10.559510 -23.520112
10.639989 -23.699577
10.720537 -23.879042
10.801482 -24.058507
10.882580 -24.239427
10.964227 -24.419862
11.046026 -24.601267
11.128139 -24.783158
11.210487 -24.965048
11.292912 -25.147423
11.375734 -25.330769
11.458549 -25.513629
11.541683 -25.698430
11.624963 -25.882745
11.708326 -26.067060
11.791927 -26.251861
11.875763 -26.437632
11.959752 -26.623887
12.044054 -26.810143
12.128509 -26.996884
12.213200 -27.184109
12.298204 -27.370850
12.383369 -27.559046
12.468609 -27.747242
12.554162 -27.934952
12.639708 -28.123633
12.725651 -28.312799
12.811593 -28.501965
12.897848 -28.692101
12.984104 -28.881752
13.070832 -29.071888
13.157553 -29.262994
13.244670 -29.453615
13.332177 -29.644721
13.420301 -29.836312
13.509135 -30.027418
13.598832 -30.218524
13.689306 -30.409630
13.780635 -30.601221
13.872598 -30.792327
13.965339 -30.982948
14.058621 -31.174054
14.152537 -31.365160
14.247070 -31.556751
14.342153 -31.748342
14.438640 -31.938963
14.537012 -32.129099
14.738508 -32.507916
14.841320 -32.696597
14.945391 -32.884793
15.050629 -33.072504
15.156890 -33.260214
15.264394 -33.447440
15.372913 -33.634666
15.482531 -33.821406
15.593316 -34.007662
15.818099 -34.378718
15.929434 -34.564974
16.035687 -34.754625
16.137102 -34.946216
16.234917 -35.140717
16.330473 -35.335704
16.425709 -35.531660
16.522203 -35.727616
16.621345 -35.921633
16.723852 -36.114679
16.829953 -36.306270
16.939494 -36.494951
17.051843 -36.683147
17.166222 -36.869402
17.282478 -37.055658
17.399520 -37.240943
17.516714 -37.426714
17.633519 -37.613455
17.750088 -37.799710
17.866183 -37.987421
17.981501 -38.175617
18.096200 -38.364298
18.211052 -38.552979
18.326056 -38.741659
18.441297 -38.930340
18.557401 -39.119021
18.674282 -39.307217
18.792491 -39.494928
18.911715 -39.682153
19.031953 -39.868409
19.153214 -40.054665
19.275330 -40.240920
19.398384 -40.426206
19.521903 -40.611491
19.645896 -40.796777
19.770438 -40.981577
19.895285 -41.166863
20.020292 -41.351663
20.779086 -42.459981
20.907062 -42.643812
21.424357 -43.378163
21.554911 -43.561509
21.949152 -44.110090
22.081507 -44.291980
22.481608 -44.838621
23.021564 -45.562787
23.293377 -45.925112
23.566120 -46.286467
23.840512 -46.647823
24.258116 -47.184763
24.399298 -47.362288
24.541183 -47.539812
25.123789 -48.236816
25.577490 -48.746594
25.732261 -48.912963
25.887353 -49.080302
26.040720 -49.248126
26.191508 -49.418860
26.773886 -50.119259
26.916549 -50.297754
27.059448 -50.475279
27.204460 -50.650863
27.352433 -50.824023
27.503229 -50.994757
27.656826 -51.163066
27.813085 -51.329435
27.971221 -51.493379
28.130608 -51.656838
28.290613 -51.819326
28.450237 -51.983270
28.608915 -52.147699
28.766112 -52.313583
28.922295 -52.479952
29.077539 -52.648261
29.232463 -52.816570
29.387242 -52.984879
29.542249 -53.152703
29.698272 -53.320527
29.855157 -53.486896
30.013445 -53.652295
30.172993 -53.815754
30.333860 -53.979212
30.495506 -54.141216
30.657937 -54.302734
30.821071 -54.464253
32.293583 -55.912099
32.456167 -56.074103
32.618751 -56.236106
32.782434 -56.397625
32.948070 -56.556233
33.115660 -56.712901
33.285355 -56.867629
33.456461 -57.020902
33.628735 -57.172720
33.801246 -57.324538
34.489800 -57.934719
35.006081 -58.393082
35.524704 -58.848535
36.046065 -59.302048
36.220522 -59.451926
36.395146 -59.602289
37.272538 -60.349251
38.335023 -61.235905
39.580876 -62.263222
40.642262 -63.152786
40.820480 -63.300238
40.999003 -63.446236
41.721625 -64.021494
41.905778 -64.160215
42.092976 -64.294087
42.282829 -64.424563
42.669334 -64.673388
43.068573 -64.896992
43.479538 -65.097314
43.688611 -65.190442
44.542725 -65.519784
45.867562 -65.879684
47.549773 -66.398678
47.977143 -66.527213
48.730390 -66.691157
49.355503 -66.776039
49.642552 -66.814357
49.707162 -66.822603
49.996317 -66.850735
50.050070 -66.856556
50.093590 -66.860921
50.258837 -66.907970
50.440488 -67.061728
50.617760 -67.260595
50.676357 -67.337716
50.705419 -67.378460
50.820507 -67.559380
50.977003 -67.882417
51.106382 -68.331079
51.146232 -68.840372
51.143028 -68.917009
51.128882 -69.072222
51.087551 -69.307466
50.892464 -69.853137
50.853010 -69.928318
50.555958 -70.356124
50.160549 -70.721360
49.646925 -70.992013
49.061816 -71.141406
48.886566 -71.160323
48.798205 -71.164203
48.709523 -71.165658
48.531626 -71.158868
48.003939 -71.059919
47.918073 -71.032272
47.735880 -70.976977
47.544303 -70.933324
47.240688 -70.887730
47.138578 -70.892095
47.039276 -70.904221
46.936457 -70.900341
46.676127 -71.008020
46.234230 -71.420305
46.088675 -71.640514
46.004450 -71.799122
45.966636 -71.881579
45.937566 -71.975677
45.847641 -72.486424
45.788655 -72.564031
45.755373 -72.651338
45.740373 -73.118917
45.752481 -73.213015
45.838111 -73.590862
45.903270 -73.775662
46.077970 -74.131682
46.245712 -74.379053
46.308376 -74.457629
46.443691 -74.607022
46.591672 -74.746714
46.670114 -74.812679
46.749960 -74.874764
46.888091 -74.988264
47.226863 -75.177429
