0.39305182 -0.919516299
0.786763565 -1.838750229
1.181135032 -2.757701318
1.576166018 -3.676369091
1.97185632 -4.594753075
2.368205733 -5.512852797
2.765214053 -6.430667784
3.162881076 -7.348197564
3.561206597 -8.265441662
3.960190411 -9.182399607
4.359832312 -10.09907093
4.760132094 -11.01545515
5.161089551 -11.9315518
5.562704476 -12.84736041
5.964976663 -13.7628805
6.367905904 -14.67811161
6.771491991 -15.59305327
7.175734717 -16.50770499
7.580633874 -17.42206631
7.986189252 -18.33613677
8.392400643 -19.24991588
8.799267837 -20.16340317
9.206790626 -21.07659819
9.614968798 -21.98950045
10.02380214 -22.90210948
10.43329045 -23.81442483
10.84343351 -24.726446
11.25423111 -25.63817255
11.66568304 -26.54960398
12.07778909 -27.46073985
12.49054904 -28.37157967
12.90396269 -29.28212298
13.31802981 -30.1923693
13.7327502 -31.10231818
14.16541891 -32.00370397
14.61981745 -32.89449661
15.08415425 -33.78014943
15.55837117 -34.66055154
16.04240886 -35.53559273
16.53620671 -36.40516345
17.03970291 -37.26915486
17.55283443 -38.12745877
18.07553703 -38.97996775
18.60774526 -39.82657507
19.14939252 -40.66717475
19.70041099 -41.50166155
20.26073168 -42.32993101
20.83028445 -43.15187943
21.40899801 -43.96740391
21.9967999 -44.77640237
22.59381961 -45.57862139
23.19999777 -46.3739438
23.81497686 -47.1624807
24.4386809 -47.9441347
25.07103289 -48.71880926
25.71195472 -49.48640871
26.36136723 -50.24683825
27.01919023 -51.00000398
27.68534247 -51.74581287
28.35974169 -52.48417281
29.04230459 -53.21499262
29.73294688 -53.93818204
30.43158327 -54.65365175
31.13812746 -55.3613134
31.85249221 -56.06107959
32.57458928 -56.75286389
33.3043295 -57.43658088
34.04162275 -58.11214611
34.78637796 -58.77947614
35.53787445 -59.43920817
36.29298584 -60.09479647
37.05550046 -60.74175913
37.82531978 -61.38001256
38.60234434 -62.0094743
39.38647372 -62.630063
40.17760662 -63.24169849
40.9756408 -63.84430173
41.78047317 -64.43779487
42.59199971 -65.02210121
43.41011559 -65.59714525
44.23471507 -66.1628527
45.06569163 -66.71915046
45.90293788 -67.26596664
46.74634565 -67.8032306
47.59580597 -68.33087292
48.45120906 -68.84882541
49.3124444 -69.35702116
50.17940071 -69.8553945
51.05196598 -70.34388102
51.93002745 -70.82241763
52.81347168 -71.29094247
